3
3
3
3
3
3
3
3
3
3
3
3
3
3
3
4
3
3
3
3
3
3
3
3
3
3
4
3
3
3
3
3
3
3
3
3
3
3
4
3
3
3
3
3
3
3
3
3
3
3
3
3
3
3
3
3
8
d
d
8
8
4
4
3
4
4
4
6
8
d
d
8
8
4
4
4
4
4
4
8
1
9
9
8
4
4
4
4
4
4
4
8
d
9
1
8
4
4
4
4
3
4
4
4
8
8
1
d
5
3
a
8
1
1
1
9
9
1
1
9
9
1
1
1
1
1
1
9
9
9
9
9
1
1
1
1
1
1
1
9
9
1
9
9
1
1
1
1
1
1
9
9
9
9
9
9
9
1
9
9
1
1
8
8
a
7
5
3
4
1
1
1
1
1
1
1
1
1
1
1
1
1
1
1
1
1
1
1
1
1
1
1
1
1
1
1
1
1
1
1
1
1
1
1
1
1
1
1
1
1
1
1
1
1
1
8
4
3
5
5
5
5
5
a
3
8
1
1
1
1
1
1
1
2
2
2
2
1
1
1
1
1
1
1
2
2
2
2
1
1
1
1
1
1
1
1
2
2
2
2
1
1
1
1
1
1
1
1
1
8
3
a
7
5
5
5
5
7
7
5
3
4
6
2
2
2
2
2
2
2
2
2
2
2
2
2
2
2
2
2
2
2
2
2
1
2
2
2
2
2
2
2
2
2
2
1
1
2
2
2
2
2
6
4
3
5
7
7
7
5
5
5
7
b
7
7
a
3
4
2
2
2
2
2
6
6
6
6
6
2
2
2
2
2
2
2
2
2
2
2
2
2
2
2
2
2
2
2
2
2
2
2
2
2
2
2
4
3
a
5
7
7
7
5
5
5
5
7
5
5
5
7
5
a
4
4
4
4
4
4
4
4
4
4
4
4
4
4
4
4
6
6
6
4
4
4
6
6
6
6
6
6
6
6
4
6
4
4
6
6
4
a
f
b
5
5
5
5
5
5
