5
5
5
5
5
5
7
7
8
d
8
6
5
5
5
5
5
5
5
6
3
d
6
5
5
5
5
5
6
6
6
8
3
3
6
6
5
5
5
5
5
5
6
8
2
8
7
5
5
5
5
5
7
5
7
5
8
3
3
3
3
2
4
4
b
b
4
2
2
2
2
2
1
4
4
b
b
b
4
2
2
2
2
2
1
4
4
4
4
b
4
2
2
2
2
2
4
4
4
b
4
4
2
2
3
3
3
8
5
7
d
8
2
b
b
4
4
1
1
1
1
4
4
4
b
b
b
b
4
4
4
1
4
4
4
4
b
b
b
4
4
1
1
1
4
4
4
b
b
b
b
4
4
1
1
1
1
4
4
b
b
1
8
d
a
9
d
7
8
1
1
1
1
1
1
1
1
1
1
1
1
1
1
1
1
1
1
1
1
1
1
1
1
1
1
1
1
1
1
1
1
1
1
1
1
1
1
1
1
1
1
1
1
1
2
8
6
d
9
a
9
9
9
f
7
3
2
2
3
2
2
2
1
1
1
1
1
1
1
1
2
2
1
1
1
1
1
1
1
1
1
2
2
2
1
1
1
1
1
1
1
1
1
2
2
2
2
1
3
7
5
c
9
9
9
9
9
c
c
d
8
6
8
3
2
2
2
2
2
2
2
2
2
2
2
2
2
2
2
2
2
2
2
2
2
2
3
3
2
2
2
2
2
2
2
2
2
2
3
3
3
8
8
3
d
c
c
9
9
9
9
c
c
c
9
c
a
6
6
8
3
3
3
8
8
8
8
8
8
8
3
3
3
3
3
3
3
3
3
8
8
8
8
3
3
3
8
8
8
8
8
8
8
8
8
6
6
d
c
9
c
c
c
9
9
9
9
a
9
9
9
c
c
d
7
7
7
7
7
7
7
7
7
7
7
7
7
7
7
7
7
7
7
7
7
7
7
7
7
7
7
7
7
7
7
7
7
7
7
7
d
a
9
9
9
9
a
9
9
9
