1
f
f
1
1
1
9
9
1
1
1
9
2
2
1
1
1
1
1
1
1
8
1
9
7
8
1
1
1
1
1
1
1
8
1
8
7
8
1
1
1
1
1
1
1
1
1
1
9
1
1
1
8
8
8
1
1
9
9
9
2
6
c
2
2
2
c
b
b
b
2
2
9
9
9
2
2
6
4
4
4
6
2
2
9
9
9
2
2
6
b
4
4
c
2
9
9
9
9
2
2
2
6
b
3
2
9
8
8
1
8
1
9
2
3
4
6
3
4
4
6
6
6
6
4
4
4
4
4
4
4
4
4
a
4
3
4
b
b
b
b
b
b
b
4
4
4
4
4
4
4
4
4
4
4
6
c
6
6
4
d
2
9
1
8
5
5
8
1
9
3
4
3
3
4
4
4
6
6
6
4
6
6
6
6
6
4
4
4
3
3
4
3
6
d
6
c
b
b
b
b
b
4
4
6
6
6
6
6
6
6
6
6
4
4
9
1
1
5
5
e
e
e
5
1
1
9
3
4
3
4
4
4
4
3
6
6
6
c
6
6
6
6
6
6
6
3
4
6
6
6
6
6
6
6
6
6
6
6
6
6
6
6
6
6
3
3
4
2
9
1
8
e
5
5
5
e
e
e
7
f
1
1
9
2
3
3
3
3
3
a
a
a
a
a
a
a
a
3
a
a
a
a
a
a
a
a
a
a
a
4
4
4
3
3
a
a
a
a
a
3
2
9
1
8
5
e
e
e
5
5
5
7
7
5
5
e
8
1
1
9
9
2
2
2
2
2
2
2
2
2
9
9
9
2
2
2
2
2
2
2
2
2
9
9
2
2
2
2
2
2
2
2
2
2
9
1
1
7
7
5
e
e
e
5
5
5
5
5
5
5
5
7
7
8
1
1
1
1
1
1
1
1
1
1
1
1
1
1
1
1
1
1
1
1
1
1
1
1
1
1
1
1
1
1
1
1
1
1
1
1
f
7
5
5
5
5
5
5
5
